(240, 496)
(240, 496)
(240, 496)
(240, 496)
(240, 496)
(240, 496)
(240, 496)
(240, 496)
(240, 496)
(240, 496)
(240, 496)
(240, 496)
(240, 496)
(240, 496)
(240, 496)
(240, 496)
(240, 496)
(240, 496)
(240, 496)
(240, 496)
(240, 496)
(240, 496)
(240, 496)
(240, 496)
(240, 496)
(240, 496)
(240, 496)
(240, 496)
(240, 496)
(240, 496)
(240, 496)
(240, 496)
(240, 496)
(240, 496)
(240, 496)
(240, 496)
(240, 496)
(240, 496)
(240, 496)
(240, 496)
(240, 496)
(240, 496)
(240, 496)
(240, 496)
(240, 496)
(240, 496)
(240, 496)
(240, 496)
(240, 496)
(240, 496)
(240, 496)
(240, 496)
(240, 496)
(240, 496)
(240, 496)
(240, 496)
(240, 496)
(240, 496)
(240, 496)
(240, 496)
(240, 496)
(240, 496)
(240, 496)
(240, 496)
(240, 496)
(240, 496)
(240, 496)
(240, 496)
(240, 496)
(240, 496)
(240, 496)
(240, 496)
(240, 496)
(240, 496)
(240, 496)
(240, 496)
(240, 496)
(240, 162)(224, 4)(240, 95)(224, 2)(240, 19)(224, 1)(240, 23)(224, 4)(240, 19)(224, 5)(240, 18)(224, 2)(240, 142)
(240, 135)(224, 1)(240, 360)
(240, 137)(224, 1)(112, 1)(80, 1)(64, 2)(80, 1)(160, 1)(240, 4)(224, 1)(240, 1)(224, 1)(240, 1)(224, 1)(240, 2)(224, 2)(240, 1)(224, 1)(240, 2)(160, 1)(32, 1)(16, 2)(32, 1)(144, 1)(240, 1)(224, 2)(240, 10)(192, 1)(80, 1)(48, 1)(160, 1)(240, 4)(128, 1)(48, 1)(96, 1)(208, 1)(240, 9)(224, 1)(240, 2)(224, 1)(240, 1)(192, 1)(80, 2)(192, 1)(240, 3)(224, 1)(240, 13)(112, 1)(64, 1)(80, 1)(224, 1)(240, 27)(208, 1)(80, 1)(48, 1)(32, 1)(16, 1)(48, 1)(128, 1)(240, 15)(208, 1)(64, 1)(16, 1)(64, 1)(208, 1)(240, 20)(96, 1)(16, 1)(0, 1)(16, 2)(96, 1)(224, 1)(240, 16)(160, 1)(32, 1)(0, 1)(16, 2)(48, 1)(192, 1)(240, 4)(224, 1)(240, 9)(80, 1)(48, 1)(32, 3)(64, 1)(176, 1)(240, 1)(224, 1)(240, 4)(224, 1)(240, 1)(224, 1)(240, 131)
(240, 137)(224, 1)(48, 1)(0, 5)(48, 1)(240, 9)(224, 1)(240, 4)(208, 1)(32, 1)(0, 6)(32, 1)(176, 1)(240, 4)(224, 1)(240, 7)(32, 1)(0, 1)(32, 1)(224, 1)(240, 1)(224, 1)(240, 1)(48, 1)(0, 1)(32, 1)(240, 15)(128, 1)(0, 2)(64, 1)(240, 17)(48, 1)(0, 2)(208, 1)(240, 27)(224, 1)(16, 1)(0, 2)(16, 1)(0, 2)(32, 1)(240, 1)(224, 1)(240, 12)(208, 1)(16, 1)(0, 1)(16, 1)(240, 19)(160, 1)(16, 1)(0, 2)(16, 2)(0, 2)(16, 1)(144, 1)(240, 1)(224, 1)(240, 12)(64, 1)(0, 2)(16, 2)(0, 3)(128, 1)(240, 1)(224, 1)(240, 2)(224, 1)(240, 8)(32, 1)(0, 6)(16, 1)(224, 1)(240, 3)(224, 1)(240, 1)(224, 1)(240, 132)
(240, 138)(96, 1)(0, 1)(16, 1)(160, 1)(96, 1)(0, 2)(80, 1)(240, 4)(224, 1)(240, 3)(208, 1)(240, 3)(192, 1)(0, 2)(16, 1)(144, 1)(192, 2)(112, 1)(16, 1)(0, 1)(32, 1)(224, 2)(240, 1)(224, 2)(240, 5)(224, 1)(240, 1)(160, 1)(0, 2)(80, 1)(240, 1)(224, 2)(16, 1)(0, 1)(112, 1)(240, 8)(224, 1)(240, 4)(224, 1)(240, 1)(48, 1)(0, 3)(160, 1)(240, 16)(80, 1)(0, 1)(16, 1)(224, 1)(240, 25)(224, 1)(240, 2)(32, 1)(0, 1)(64, 1)(208, 1)(112, 1)(0, 2)(96, 1)(240, 1)(224, 1)(240, 12)(64, 1)(0, 1)(32, 1)(240, 1)(224, 1)(240, 16)(144, 1)(0, 2)(48, 1)(176, 1)(224, 2)(160, 1)(16, 1)(0, 1)(16, 1)(160, 1)(240, 1)(224, 1)(240, 10)(48, 1)(0, 1)(16, 1)(144, 1)(208, 2)(176, 1)(64, 1)(0, 2)(144, 1)(240, 3)(224, 2)(240, 7)(32, 1)(0, 1)(32, 1)(160, 1)(176, 1)(112, 1)(32, 1)(0, 2)(208, 1)(240, 3)(224, 1)(240, 1)(224, 1)(240, 131)
(240, 138)(112, 1)(0, 1)(64, 1)(240, 2)(96, 1)(0, 2)(240, 12)(48, 1)(0, 1)(16, 1)(240, 5)(176, 1)(0, 2)(48, 1)(240, 1)(224, 1)(240, 2)(224, 1)(240, 2)(224, 1)(240, 4)(128, 1)(0, 2)(144, 1)(240, 1)(64, 1)(0, 1)(80, 1)(240, 11)(224, 1)(240, 2)(224, 1)(240, 1)(0, 1)(48, 1)(32, 1)(0, 1)(96, 1)(240, 1)(224, 2)(240, 11)(224, 1)(240, 1)(112, 1)(0, 1)(32, 1)(240, 24)(224, 1)(240, 4)(48, 1)(0, 1)(128, 1)(240, 1)(224, 1)(32, 1)(0, 1)(64, 1)(240, 14)(64, 1)(0, 1)(32, 1)(240, 1)(224, 1)(240, 16)(32, 1)(0, 1)(48, 1)(240, 2)(224, 2)(240, 1)(192, 1)(16, 1)(0, 1)(48, 1)(240, 1)(224, 1)(240, 7)(224, 1)(240, 1)(80, 1)(0, 1)(16, 1)(208, 1)(240, 5)(48, 1)(0, 2)(160, 1)(240, 11)(64, 1)(0, 1)(96, 1)(240, 4)(48, 1)(0, 2)(208, 1)(240, 136)
(240, 138)(128, 1)(0, 1)(48, 1)(240, 2)(64, 1)(0, 1)(32, 1)(240, 1)(224, 1)(240, 4)(224, 1)(240, 4)(160, 1)(0, 2)(160, 1)(240, 4)(224, 1)(240, 1)(96, 1)(0, 2)(176, 1)(240, 7)(224, 1)(240, 2)(224, 1)(240, 1)(48, 1)(0, 1)(80, 1)(176, 1)(0, 1)(32, 1)(240, 16)(128, 1)(0, 1)(96, 1)(176, 1)(0, 1)(16, 1)(208, 1)(240, 10)(224, 1)(240, 2)(224, 1)(240, 1)(112, 1)(0, 1)(32, 1)(224, 1)(240, 24)(224, 1)(240, 3)(32, 1)(0, 1)(128, 1)(240, 1)(80, 1)(0, 1)(32, 1)(208, 1)(240, 14)(64, 1)(0, 1)(32, 1)(240, 17)(112, 1)(0, 2)(160, 1)(240, 1)(224, 2)(240, 3)(80, 1)(0, 2)(160, 1)(240, 8)(224, 1)(240, 1)(16, 1)(0, 1)(96, 1)(240, 1)(224, 1)(240, 4)(224, 1)(0, 2)(128, 1)(240, 11)(48, 1)(0, 1)(80, 1)(224, 1)(240, 4)(0, 2)(176, 1)(240, 4)(224, 1)(240, 131)
(240, 138)(144, 1)(0, 1)(64, 1)(176, 1)(16, 1)(0, 1)(48, 1)(208, 1)(240, 4)(224, 1)(240, 1)(224, 1)(240, 4)(96, 1)(0, 2)(240, 1)(224, 2)(240, 4)(160, 1)(0, 2)(96, 1)(240, 8)(224, 1)(240, 3)(192, 1)(0, 4)(176, 1)(240, 9)(224, 1)(240, 4)(224, 1)(240, 1)(16, 2)(192, 1)(240, 1)(16, 1)(0, 1)(128, 1)(240, 1)(224, 1)(240, 8)(224, 1)(240, 4)(96, 1)(0, 1)(32, 1)(224, 1)(240, 23)(224, 1)(240, 2)(224, 1)(240, 1)(64, 1)(0, 5)(32, 1)(240, 15)(64, 1)(0, 1)(48, 1)(240, 17)(64, 1)(0, 1)(32, 1)(240, 2)(224, 1)(240, 2)(224, 1)(240, 1)(176, 1)(0, 2)(112, 1)(240, 1)(224, 1)(240, 7)(192, 1)(0, 2)(128, 1)(240, 5)(208, 1)(240, 1)(16, 1)(0, 1)(80, 1)(240, 11)(64, 1)(0, 1)(64, 1)(240, 3)(208, 1)(240, 1)(0, 2)(96, 1)(240, 136)
(240, 138)(128, 1)(0, 1)(48, 1)(0, 2)(64, 1)(208, 1)(240, 2)(224, 1)(240, 4)(224, 1)(240, 4)(80, 1)(0, 1)(16, 1)(240, 1)(224, 1)(240, 5)(208, 1)(16, 1)(0, 1)(96, 1)(240, 1)(224, 1)(240, 4)(224, 1)(240, 4)(208, 1)(240, 1)(96, 1)(0, 2)(96, 1)(240, 1)(224, 1)(240, 14)(224, 1)(0, 2)(32, 1)(64, 1)(0, 2)(64, 1)(240, 15)(96, 1)(0, 1)(32, 1)(224, 1)(240, 28)(48, 1)(0, 1)(32, 1)(96, 1)(80, 1)(32, 1)(0, 1)(16, 1)(224, 1)(240, 13)(64, 1)(0, 1)(48, 1)(240, 1)(224, 1)(240, 15)(64, 1)(0, 1)(32, 1)(240, 3)(224, 2)(240, 2)(208, 1)(16, 1)(0, 1)(96, 1)(240, 5)(224, 1)(240, 3)(176, 1)(0, 2)(128, 1)(240, 5)(224, 1)(240, 1)(32, 1)(0, 1)(64, 1)(240, 11)(48, 1)(0, 1)(80, 1)(240, 1)(224, 1)(240, 1)(224, 1)(240, 1)(16, 1)(0, 1)(96, 1)(240, 4)(224, 1)(240, 131)
(240, 138)(128, 1)(0, 1)(64, 1)(48, 1)(0, 1)(16, 1)(240, 1)(224, 1)(240, 3)(224, 1)(240, 1)(224, 1)(240, 5)(112, 1)(0, 2)(224, 1)(240, 4)(224, 1)(240, 1)(160, 1)(0, 2)(112, 1)(240, 7)(224, 1)(240, 2)(224, 1)(240, 2)(176, 1)(0, 2)(160, 1)(240, 6)(224, 1)(240, 9)(64, 1)(0, 2)(16, 3)(0, 2)(176, 1)(240, 14)(96, 1)(0, 1)(32, 1)(224, 1)(240, 28)(32, 1)(0, 1)(112, 1)(240, 2)(192, 1)(0, 2)(80, 1)(240, 13)(64, 1)(0, 1)(48, 1)(240, 9)(224, 1)(240, 7)(80, 1)(0, 1)(16, 1)(176, 1)(240, 6)(160, 1)(0, 2)(144, 1)(240, 7)(224, 1)(240, 1)(224, 1)(16, 1)(0, 1)(112, 1)(240, 5)(224, 1)(240, 1)(16, 1)(0, 1)(112, 1)(240, 11)(64, 1)(0, 1)(80, 1)(240, 3)(224, 1)(240, 1)(0, 2)(144, 1)(240, 136)
(240, 138)(128, 1)(0, 1)(64, 1)(240, 1)(16, 1)(0, 1)(64, 1)(240, 1)(224, 1)(240, 6)(224, 1)(240, 3)(176, 1)(0, 2)(64, 1)(240, 1)(224, 1)(240, 1)(224, 2)(240, 1)(112, 1)(0, 1)(16, 1)(224, 1)(240, 13)(192, 1)(0, 2)(176, 1)(240, 1)(224, 1)(240, 9)(224, 1)(240, 4)(0, 1)(16, 1)(176, 1)(192, 1)(176, 1)(240, 1)(16, 1)(0, 1)(96, 1)(240, 12)(224, 1)(240, 1)(112, 1)(0, 1)(32, 1)(224, 1)(240, 3)(224, 2)(240, 19)(224, 1)(240, 3)(48, 1)(0, 1)(112, 1)(224, 2)(240, 1)(48, 1)(0, 1)(32, 1)(240, 13)(64, 1)(0, 1)(32, 1)(240, 1)(224, 4)(240, 12)(192, 1)(16, 1)(0, 1)(64, 1)(240, 1)(208, 1)(240, 2)(224, 1)(240, 1)(64, 1)(0, 1)(32, 1)(224, 1)(240, 8)(224, 1)(240, 1)(32, 1)(0, 1)(32, 1)(224, 1)(240, 1)(224, 1)(240, 1)(224, 1)(240, 1)(176, 1)(0, 2)(144, 1)(240, 1)(224, 1)(240, 9)(48, 1)(0, 1)(80, 1)(224, 3)(240, 1)(96, 1)(0, 2)(208, 1)(240, 3)(224, 1)(240, 132)
(240, 138)(128, 1)(0, 1)(48, 1)(240, 1)(176, 1)(0, 2)(64, 1)(240, 7)(224, 1)(240, 4)(96, 1)(0, 2)(176, 1)(240, 4)(160, 1)(0, 2)(96, 1)(240, 14)(176, 1)(0, 2)(176, 1)(240, 13)(224, 1)(240, 1)(112, 1)(0, 1)(80, 1)(240, 4)(112, 1)(0, 2)(192, 1)(240, 13)(96, 1)(0, 1)(48, 1)(240, 6)(144, 1)(192, 1)(240, 16)(224, 1)(240, 3)(224, 1)(32, 1)(0, 1)(112, 1)(240, 2)(208, 1)(0, 2)(128, 1)(240, 13)(64, 1)(0, 1)(48, 1)(240, 5)(176, 1)(80, 1)(224, 1)(240, 10)(80, 1)(0, 2)(112, 1)(240, 4)(112, 1)(0, 2)(128, 1)(240, 11)(176, 1)(0, 2)(64, 1)(240, 5)(16, 1)(0, 1)(80, 1)(240, 12)(64, 1)(0, 1)(112, 1)(240, 3)(96, 1)(0, 2)(128, 1)(240, 137)
(240, 138)(80, 1)(0, 1)(32, 1)(240, 2)(128, 1)(0, 2)(64, 1)(240, 2)(224, 1)(240, 3)(224, 1)(240, 2)(224, 1)(240, 2)(64, 1)(0, 2)(32, 1)(192, 1)(176, 1)(64, 1)(0, 2)(80, 1)(240, 15)(144, 1)(0, 2)(144, 1)(240, 10)(224, 1)(240, 2)(224, 1)(240, 1)(16, 1)(0, 1)(144, 1)(240, 1)(224, 3)(240, 1)(0, 2)(128, 1)(240, 8)(224, 1)(240, 4)(64, 1)(0, 2)(32, 1)(48, 1)(64, 1)(32, 1)(16, 1)(0, 1)(32, 1)(208, 1)(240, 18)(224, 1)(240, 2)(32, 1)(0, 2)(16, 2)(0, 2)(96, 1)(240, 13)(224, 1)(32, 1)(0, 8)(48, 1)(240, 12)(80, 1)(0, 2)(32, 1)(112, 2)(16, 1)(0, 2)(128, 1)(240, 2)(224, 1)(240, 10)(192, 1)(0, 3)(64, 1)(144, 1)(32, 1)(0, 2)(48, 1)(240, 3)(224, 1)(240, 9)(32, 1)(0, 7)(96, 1)(240, 1)(224, 1)(240, 1)(224, 1)(240, 134)
(240, 137)(224, 1)(32, 1)(0, 1)(16, 1)(240, 3)(112, 1)(0, 2)(112, 1)(240, 6)(224, 1)(240, 2)(224, 1)(240, 2)(112, 1)(0, 6)(128, 1)(240, 16)(128, 1)(0, 2)(96, 1)(240, 14)(144, 1)(0, 2)(176, 1)(240, 3)(224, 1)(240, 1)(32, 1)(0, 1)(16, 1)(208, 1)(240, 12)(48, 1)(0, 8)(128, 1)(240, 17)(224, 1)(240, 3)(224, 1)(48, 1)(0, 4)(16, 1)(112, 1)(240, 3)(224, 1)(240, 10)(208, 1)(64, 1)(16, 2)(0, 1)(16, 1)(0, 3)(16, 1)(160, 1)(240, 13)(128, 1)(16, 1)(0, 4)(32, 1)(176, 1)(240, 15)(176, 1)(48, 1)(0, 5)(112, 1)(240, 4)(224, 1)(240, 9)(32, 1)(16, 1)(0, 3)(16, 1)(48, 1)(144, 1)(240, 1)(224, 1)(240, 1)(224, 2)(240, 134)
(240, 137)(224, 1)(160, 2)(176, 1)(240, 4)(160, 1)(128, 1)(160, 1)(224, 1)(240, 12)(192, 1)(112, 1)(80, 2)(128, 1)(192, 1)(240, 5)(224, 2)(240, 10)(224, 1)(160, 1)(144, 1)(208, 1)(240, 12)(224, 1)(240, 1)(192, 1)(144, 1)(176, 1)(224, 1)(240, 4)(224, 1)(176, 1)(160, 2)(224, 1)(240, 7)(224, 1)(240, 4)(192, 1)(176, 2)(144, 1)(160, 1)(144, 1)(160, 1)(144, 1)(160, 1)(240, 20)(224, 1)(240, 2)(192, 3)(176, 1)(192, 1)(224, 1)(240, 2)(224, 1)(208, 1)(240, 10)(224, 1)(240, 1)(208, 1)(192, 1)(208, 1)(192, 5)(224, 1)(240, 3)(224, 1)(240, 8)(224, 1)(240, 2)(208, 1)(160, 1)(96, 1)(112, 1)(160, 1)(224, 1)(240, 17)(224, 1)(176, 1)(128, 1)(112, 1)(144, 1)(208, 1)(240, 3)(224, 1)(240, 10)(224, 1)(192, 3)(176, 1)(208, 2)(224, 1)(240, 3)(224, 1)(240, 2)(208, 1)(240, 133)
(240, 135)(224, 1)(240, 1)(224, 1)(240, 3)(208, 1)(240, 10)(208, 1)(240, 3)(224, 2)(240, 10)(224, 1)(240, 14)(224, 1)(240, 4)(224, 2)(240, 11)(224, 1)(240, 6)(224, 1)(240, 15)(224, 1)(240, 11)(208, 1)(224, 1)(240, 18)(224, 1)(240, 11)(224, 1)(208, 1)(240, 9)(224, 1)(240, 12)(224, 1)(240, 20)(224, 2)(240, 24)(224, 1)(240, 8)(224, 1)(240, 8)(224, 1)(240, 2)(224, 1)(240, 2)(224, 1)(240, 132)
(240, 135)(224, 2)(240, 3)(224, 1)(240, 1)(224, 1)(240, 9)(224, 1)(240, 1)(224, 1)(240, 11)(224, 1)(240, 1)(224, 2)(240, 1)(224, 1)(240, 2)(224, 1)(240, 23)(224, 1)(240, 7)(224, 1)(240, 2)(224, 1)(240, 12)(224, 1)(240, 3)(224, 1)(240, 27)(224, 1)(240, 3)(224, 1)(240, 1)(224, 1)(240, 2)(224, 1)(240, 3)(224, 2)(240, 11)(224, 1)(240, 6)(224, 1)(240, 2)(224, 1)(240, 11)(224, 1)(240, 4)(224, 2)(240, 2)(224, 2)(240, 2)(224, 1)(240, 8)(224, 1)(240, 6)(224, 1)(240, 21)(224, 1)(240, 6)(224, 1)(240, 1)(224, 1)(240, 133)
(240, 142)(224, 1)(240, 4)(224, 1)(240, 3)(224, 1)(240, 1)(224, 1)(240, 2)(224, 1)(240, 2)(224, 1)(240, 12)(224, 2)(240, 9)(224, 2)(240, 3)(224, 1)(240, 21)(224, 1)(240, 13)(224, 1)(240, 32)(224, 1)(240, 9)(224, 2)(240, 8)(224, 2)(240, 13)(224, 1)(240, 12)(224, 1)(240, 7)(224, 1)(240, 11)(224, 1)(240, 2)(224, 1)(240, 2)(224, 1)(240, 3)(224, 1)(240, 16)(224, 1)(240, 4)(224, 1)(240, 1)(224, 1)(240, 136)
(240, 357)(224, 1)(240, 138)
(240, 496)
(240, 496)
(240, 496)
(240, 496)
(240, 496)
(240, 496)
(240, 496)
(240, 496)
(240, 496)
(240, 496)
(240, 496)
(240, 496)
(240, 496)
(240, 496)
(240, 496)
(240, 496)
(240, 496)
(240, 496)
(240, 496)
(240, 496)
(240, 496)
(240, 496)
(240, 496)
(240, 496)
(240, 496)
(240, 496)
(240, 496)
(240, 496)
(240, 496)
(240, 496)
(240, 496)
(240, 496)
(240, 496)
(240, 496)
(240, 496)
(240, 496)
(240, 496)
(240, 496)
(240, 496)
(240, 496)
(240, 496)
(240, 496)
(240, 496)
(240, 496)
(240, 496)
(240, 496)
(240, 496)
(240, 496)
(240, 496)
(240, 496)
(240, 496)
(240, 496)
(240, 496)
(240, 496)
(240, 496)
(240, 496)
(240, 496)
(240, 496)
(240, 496)
(240, 496)
(240, 496)
(240, 496)
(240, 496)
(240, 168)(224, 2)(240, 4)(224, 1)(240, 4)(224, 1)(240, 316)
(240, 170)(224, 3)(240, 3)(224, 2)(240, 318)
(240, 167)(224, 2)(240, 327)
(240, 496)
(240, 177)(224, 1)(240, 318)
(240, 496)
(240, 172)(224, 1)(176, 1)(144, 1)(128, 4)(144, 1)(176, 1)(240, 315)
(240, 162)(224, 1)(240, 6)(192, 1)(112, 1)(80, 1)(32, 1)(0, 8)(32, 1)(80, 1)(144, 1)(224, 1)(240, 164)(176, 1)(144, 3)(160, 3)(176, 1)(208, 1)(224, 1)(240, 9)(224, 1)(240, 3)(224, 1)(240, 123)
(240, 159)(224, 1)(240, 2)(224, 1)(240, 4)(160, 1)(80, 1)(0, 15)(48, 1)(192, 1)(240, 161)(160, 1)(64, 1)(16, 1)(0, 6)(16, 2)(48, 1)(96, 1)(176, 1)(240, 10)(224, 1)(240, 124)
(240, 160)(224, 2)(240, 4)(80, 1)(0, 18)(16, 1)(192, 1)(240, 3)(224, 1)(240, 150)(224, 1)(240, 1)(224, 1)(240, 1)(176, 1)(96, 1)(0, 14)(48, 1)(160, 1)(240, 2)(224, 1)(240, 4)(224, 1)(208, 1)(240, 124)
(240, 165)(48, 1)(0, 21)(176, 1)(240, 154)(224, 1)(240, 1)(176, 1)(16, 1)(0, 17)(96, 1)(240, 1)(224, 1)(240, 2)(224, 1)(240, 3)(224, 1)(240, 123)
(240, 159)(224, 1)(240, 4)(48, 1)(0, 22)(16, 1)(208, 1)(240, 154)(192, 1)(0, 20)(64, 1)(240, 4)(224, 1)(240, 1)(224, 2)(240, 123)
(240, 163)(80, 1)(0, 24)(48, 1)(240, 153)(208, 1)(16, 1)(0, 21)(48, 1)(192, 1)(240, 129)
(240, 162)(144, 1)(0, 26)(144, 1)(240, 150)(224, 1)(240, 1)(32, 1)(0, 23)(16, 1)(240, 3)(224, 2)(240, 124)
(240, 161)(224, 1)(32, 1)(0, 26)(32, 1)(240, 151)(192, 1)(0, 25)(32, 1)(224, 1)(240, 127)
(240, 161)(144, 1)(0, 4)(16, 1)(0, 23)(96, 1)(240, 149)(192, 1)(16, 1)(0, 26)(32, 1)(240, 5)(224, 1)(240, 121)
(240, 161)(64, 1)(0, 1)(16, 1)(0, 2)(16, 1)(32, 1)(0, 22)(16, 1)(240, 143)(224, 1)(240, 2)(224, 2)(240, 1)(32, 1)(0, 28)(80, 1)(240, 4)(224, 1)(240, 4)(224, 1)(240, 116)
(240, 160)(176, 1)(16, 1)(0, 1)(32, 1)(16, 1)(32, 1)(16, 1)(0, 24)(112, 1)(240, 142)(224, 2)(240, 1)(224, 1)(240, 1)(112, 1)(0, 30)(128, 1)(240, 7)(224, 2)(240, 116)
(240, 160)(128, 1)(0, 1)(32, 1)(48, 2)(16, 1)(0, 25)(48, 1)(240, 5)(224, 1)(240, 138)(224, 1)(240, 2)(16, 1)(0, 31)(208, 1)(240, 3)(224, 2)(240, 119)
(240, 160)(64, 1)(0, 1)(16, 1)(48, 1)(32, 1)(0, 1)(16, 3)(0, 23)(160, 1)(240, 144)(224, 1)(64, 1)(0, 32)(48, 1)(240, 5)(224, 1)(240, 2)(224, 1)(240, 115)
(240, 159)(192, 1)(32, 1)(0, 3)(16, 1)(32, 4)(0, 23)(80, 1)(240, 142)(224, 1)(240, 1)(48, 1)(0, 34)(192, 1)(240, 4)(224, 2)(240, 1)(224, 1)(240, 115)
(240, 159)(176, 1)(16, 2)(0, 2)(16, 1)(48, 1)(32, 2)(16, 1)(0, 3)(16, 1)(0, 19)(16, 1)(208, 1)(240, 142)(160, 1)(0, 35)(32, 1)(240, 5)(224, 1)(240, 117)
(240, 159)(144, 1)(16, 2)(0, 2)(48, 1)(32, 1)(16, 3)(0, 1)(16, 3)(0, 20)(96, 1)(240, 141)(160, 1)(16, 1)(0, 36)(160, 1)(224, 1)(240, 121)
(240, 159)(96, 1)(0, 1)(16, 1)(0, 1)(16, 1)(48, 1)(16, 1)(0, 1)(16, 2)(32, 3)(0, 21)(48, 1)(240, 140)(224, 1)(32, 1)(0, 37)(16, 1)(240, 4)(224, 1)(240, 117)
(240, 158)(224, 1)(64, 1)(0, 1)(16, 1)(0, 1)(16, 2)(0, 2)(48, 2)(32, 1)(48, 1)(16, 1)(0, 22)(160, 1)(240, 139)(208, 1)(32, 1)(0, 38)(128, 1)(240, 3)(224, 2)(240, 116)
(240, 158)(192, 1)(32, 1)(0, 1)(16, 1)(0, 1)(16, 1)(0, 3)(32, 3)(48, 1)(16, 2)(0, 7)(16, 1)(0, 13)(48, 1)(240, 1)(224, 1)(240, 138)(80, 1)(48, 1)(0, 38)(224, 2)(240, 2)(224, 1)(240, 116)
(240, 158)(176, 1)(16, 1)(0, 3)(16, 1)(0, 4)(16, 1)(48, 1)(16, 1)(48, 1)(32, 1)(0, 6)(32, 1)(16, 1)(0, 14)(176, 1)(240, 139)(144, 1)(160, 1)(16, 1)(0, 37)(48, 1)(240, 120)
(240, 158)(160, 1)(0, 1)(16, 1)(0, 7)(16, 1)(0, 1)(16, 1)(48, 1)(16, 1)(0, 6)(16, 2)(0, 14)(96, 1)(240, 1)(224, 1)(240, 138)(176, 1)(112, 1)(0, 38)(160, 1)(240, 119)
(240, 158)(144, 1)(0, 1)(16, 1)(0, 9)(16, 1)(64, 1)(16, 1)(32, 1)(16, 4)(0, 17)(16, 1)(208, 1)(240, 139)(176, 1)(208, 1)(32, 1)(0, 27)(16, 1)(0, 9)(16, 1)(240, 1)(224, 1)(240, 117)
(240, 158)(144, 1)(0, 1)(16, 1)(0, 3)(16, 1)(0, 5)(48, 2)(64, 2)(16, 4)(0, 4)(16, 2)(0, 12)(112, 1)(240, 140)(192, 1)(80, 1)(0, 38)(144, 1)(240, 118)
(240, 158)(144, 1)(0, 5)(16, 1)(0, 5)(48, 1)(32, 1)(48, 1)(64, 1)(48, 1)(16, 3)(0, 4)(16, 2)(0, 12)(32, 1)(208, 1)(240, 139)(224, 1)(160, 1)(16, 1)(0, 27)(16, 1)(0, 9)(16, 1)(240, 118)
(240, 158)(128, 1)(0, 10)(16, 1)(48, 1)(16, 3)(32, 1)(16, 2)(0, 5)(16, 2)(0, 13)(96, 1)(240, 140)(224, 1)(48, 1)(0, 38)(128, 1)(240, 5)(224, 1)(240, 2)(224, 1)(240, 108)
(240, 158)(144, 1)(0, 10)(16, 1)(32, 1)(0, 2)(16, 2)(0, 7)(32, 1)(16, 1)(0, 13)(32, 1)(192, 1)(240, 140)(96, 1)(0, 39)(224, 1)(240, 4)(224, 1)(240, 111)
(240, 158)(160, 1)(0, 10)(16, 1)(0, 12)(32, 1)(16, 1)(0, 13)(16, 1)(144, 1)(240, 140)(160, 1)(0, 39)(48, 1)(240, 1)(224, 1)(240, 5)(224, 1)(240, 108)
(240, 158)(160, 1)(16, 1)(0, 22)(16, 2)(0, 13)(48, 1)(144, 1)(224, 1)(240, 140)(64, 1)(0, 39)(112, 1)(240, 1)(224, 1)(240, 3)(224, 2)(240, 108)
(240, 158)(176, 1)(32, 1)(16, 1)(0, 4)(16, 1)(0, 15)(16, 3)(0, 13)(80, 1)(160, 1)(192, 1)(240, 140)(176, 1)(16, 1)(0, 39)(208, 2)(240, 5)(224, 1)(240, 107)
(240, 158)(224, 1)(80, 1)(0, 18)(16, 1)(0, 2)(16, 2)(0, 14)(80, 1)(176, 1)(192, 1)(240, 134)(224, 1)(240, 4)(224, 1)(240, 1)(64, 1)(0, 39)(32, 1)(240, 1)(224, 1)(240, 2)(224, 1)(240, 109)
(240, 159)(112, 1)(0, 18)(16, 1)(0, 2)(16, 2)(0, 14)(96, 1)(192, 1)(176, 1)(224, 1)(240, 133)(224, 3)(240, 2)(224, 1)(240, 1)(128, 1)(16, 1)(0, 39)(80, 1)(240, 1)(224, 1)(240, 1)(224, 2)(240, 108)
(240, 159)(144, 1)(0, 21)(16, 2)(0, 12)(16, 1)(48, 1)(96, 1)(192, 1)(176, 1)(208, 1)(240, 4)(224, 1)(240, 129)(224, 1)(240, 6)(16, 1)(0, 16)(16, 1)(0, 23)(144, 1)(240, 4)(224, 1)(240, 107)
(240, 152)(224, 2)(240, 5)(176, 1)(16, 1)(0, 16)(16, 1)(0, 2)(16, 2)(0, 13)(32, 1)(128, 1)(112, 1)(176, 2)(208, 1)(240, 141)(64, 1)(0, 41)(192, 1)(240, 3)(224, 1)(240, 1)(224, 1)(240, 2)(224, 1)(240, 102)
(240, 153)(224, 2)(240, 4)(192, 1)(16, 1)(0, 19)(16, 2)(0, 13)(80, 1)(192, 1)(128, 1)(192, 2)(224, 1)(240, 3)(224, 1)(240, 137)(176, 1)(16, 1)(0, 40)(32, 1)(240, 1)(224, 1)(240, 6)(224, 3)(240, 100)
(240, 151)(224, 1)(240, 2)(224, 1)(240, 4)(192, 1)(16, 1)(0, 18)(16, 1)(32, 1)(16, 1)(0, 13)(144, 1)(208, 1)(144, 1)(160, 1)(176, 1)(224, 1)(240, 3)(224, 1)(240, 138)(48, 1)(0, 41)(80, 1)(240, 1)(224, 1)(240, 3)(224, 1)(240, 2)(224, 2)(240, 100)
(240, 152)(224, 1)(240, 6)(192, 1)(16, 1)(0, 18)(16, 2)(0, 13)(32, 1)(176, 2)(144, 2)(192, 1)(240, 143)(128, 1)(0, 42)(112, 1)(240, 4)(224, 2)(240, 103)
(240, 153)(224, 1)(240, 5)(192, 1)(16, 1)(0, 18)(32, 1)(0, 14)(96, 1)(224, 1)(160, 2)(128, 1)(192, 1)(240, 3)(224, 1)(240, 140)(32, 1)(0, 41)(16, 1)(240, 1)(224, 1)(240, 4)(224, 2)(240, 1)(224, 1)(240, 99)
(240, 151)(224, 1)(240, 5)(224, 1)(208, 1)(160, 1)(16, 1)(0, 17)(16, 2)(0, 14)(112, 1)(160, 2)(128, 1)(144, 1)(224, 1)(240, 142)(224, 1)(240, 1)(112, 1)(16, 1)(0, 41)(64, 1)(240, 3)(224, 1)(240, 2)(224, 1)(240, 101)
(240, 156)(192, 1)(176, 2)(144, 1)(16, 1)(0, 17)(16, 1)(0, 15)(32, 1)(16, 1)(80, 1)(48, 1)(144, 1)(240, 2)(224, 1)(240, 140)(224, 1)(240, 2)(80, 1)(16, 1)(0, 41)(112, 1)(240, 5)(224, 1)(240, 1)(224, 1)(240, 99)
(240, 154)(192, 1)(160, 1)(144, 1)(176, 1)(208, 1)(160, 1)(16, 1)(0, 17)(16, 1)(0, 15)(16, 1)(0, 1)(16, 2)(32, 1)(112, 1)(224, 1)(240, 144)(160, 1)(48, 1)(0, 42)(144, 1)(240, 2)(224, 1)(240, 103)
(240, 139)(224, 1)(240, 12)(192, 1)(160, 1)(144, 2)(160, 1)(176, 1)(208, 1)(176, 1)(16, 1)(0, 16)(16, 1)(0, 15)(16, 4)(0, 3)(32, 1)(176, 1)(240, 141)(224, 1)(240, 2)(112, 1)(32, 1)(0, 42)(160, 1)(240, 3)(224, 1)(240, 101)
(240, 150)(224, 1)(176, 1)(160, 1)(144, 3)(160, 2)(176, 1)(160, 1)(32, 1)(0, 14)(16, 1)(32, 1)(16, 1)(0, 15)(16, 5)(0, 3)(16, 1)(176, 1)(240, 138)(224, 1)(240, 2)(224, 1)(240, 2)(64, 1)(16, 1)(0, 41)(16, 1)(240, 1)(224, 1)(240, 1)(224, 1)(240, 1)(224, 1)(240, 99)
(240, 135)(224, 1)(240, 12)(224, 1)(176, 1)(144, 1)(128, 2)(144, 3)(128, 2)(160, 2)(32, 1)(0, 14)(32, 1)(16, 1)(0, 16)(16, 2)(0, 7)(48, 1)(208, 1)(240, 138)(224, 2)(240, 3)(208, 1)(80, 1)(16, 1)(0, 41)(16, 1)(240, 1)(224, 1)(240, 1)(224, 1)(240, 100)
(240, 135)(224, 1)(240, 5)(224, 1)(240, 4)(224, 1)(176, 1)(128, 6)(144, 1)(128, 3)(144, 2)(32, 1)(0, 32)(16, 1)(0, 9)(128, 1)(240, 138)(224, 1)(240, 1)(224, 2)(240, 2)(208, 1)(96, 1)(16, 1)(0, 41)(80, 1)(240, 1)(224, 1)(240, 101)
(240, 144)(192, 1)(144, 1)(128, 6)(112, 4)(128, 2)(144, 2)(32, 1)(0, 42)(96, 1)(240, 138)(224, 1)(240, 3)(224, 2)(240, 1)(224, 1)(144, 1)(32, 1)(0, 41)(128, 1)(240, 102)
(240, 139)(224, 1)(240, 2)(224, 1)(160, 1)(144, 1)(128, 1)(144, 1)(160, 2)(128, 2)(112, 6)(128, 1)(160, 1)(144, 1)(16, 1)(0, 42)(64, 1)(240, 137)(224, 1)(240, 4)(224, 1)(240, 4)(192, 1)(128, 1)(80, 1)(64, 1)(48, 1)(0, 13)(16, 1)(0, 24)(224, 2)(240, 100)
(240, 136)(224, 1)(240, 5)(176, 1)(128, 1)(144, 1)(176, 1)(192, 2)(160, 1)(144, 1)(112, 3)(128, 2)(112, 3)(160, 1)(128, 1)(16, 1)(0, 15)(16, 1)(0, 26)(32, 1)(208, 1)(240, 136)(224, 1)(240, 2)(208, 1)(240, 2)(224, 1)(240, 5)(208, 1)(224, 1)(208, 1)(80, 1)(0, 37)(16, 1)(240, 1)(224, 1)(240, 99)
(240, 136)(224, 1)(240, 2)(224, 1)(240, 1)(224, 1)(128, 1)(144, 1)(192, 1)(224, 2)(192, 1)(160, 1)(144, 1)(128, 4)(112, 1)(96, 2)(80, 1)(112, 1)(96, 1)(0, 13)(16, 3)(0, 27)(16, 1)(160, 1)(240, 148)(224, 1)(144, 1)(112, 2)(48, 1)(0, 37)(48, 1)(240, 100)
(240, 141)(192, 1)(128, 1)(176, 1)(208, 1)(240, 1)(224, 1)(192, 1)(160, 1)(144, 1)(128, 2)(112, 3)(96, 1)(64, 4)(0, 12)(16, 1)(32, 1)(16, 1)(0, 29)(128, 1)(240, 141)(224, 2)(240, 3)(208, 1)(128, 1)(80, 2)(96, 1)(112, 1)(96, 1)(48, 1)(0, 13)(16, 1)(0, 23)(128, 1)(240, 5)(224, 1)(240, 93)
(240, 141)(160, 1)(144, 1)(192, 1)(208, 1)(224, 2)(192, 1)(176, 1)(144, 1)(128, 2)(112, 1)(96, 2)(80, 1)(64, 1)(48, 2)(32, 1)(0, 12)(32, 1)(16, 1)(0, 30)(96, 1)(240, 145)(192, 1)(128, 1)(80, 2)(112, 1)(128, 1)(112, 2)(80, 1)(32, 1)(0, 12)(16, 1)(0, 23)(16, 1)(240, 99)
(240, 140)(224, 1)(144, 1)(176, 1)(192, 1)(208, 1)(224, 1)(208, 1)(192, 1)(176, 1)(144, 2)(128, 1)(96, 1)(80, 2)(64, 1)(48, 1)(32, 1)(48, 1)(16, 1)(0, 11)(16, 1)(0, 32)(64, 1)(224, 1)(240, 143)(192, 1)(128, 1)(80, 1)(96, 1)(128, 1)(144, 1)(128, 3)(96, 2)(32, 1)(16, 2)(0, 34)(96, 1)(240, 3)(224, 1)(240, 2)(224, 1)(240, 91)
(240, 140)(208, 1)(128, 1)(192, 2)(208, 1)(224, 1)(208, 1)(192, 1)(176, 1)(144, 1)(128, 1)(112, 1)(80, 1)(64, 3)(48, 1)(32, 1)(48, 1)(16, 1)(0, 44)(32, 1)(192, 1)(240, 136)(224, 1)(240, 2)(224, 1)(240, 1)(224, 1)(192, 1)(128, 1)(112, 1)(128, 1)(144, 4)(128, 1)(96, 1)(80, 2)(32, 1)(16, 1)(32, 1)(16, 1)(0, 34)(240, 3)(224, 1)(240, 94)
(240, 140)(208, 1)(128, 1)(192, 1)(208, 2)(224, 1)(208, 2)(176, 1)(144, 1)(128, 1)(96, 1)(80, 1)(64, 1)(48, 4)(64, 1)(16, 1)(0, 44)(16, 1)(176, 1)(240, 141)(192, 1)(144, 1)(128, 1)(160, 1)(176, 2)(160, 1)(176, 1)(160, 1)(112, 1)(96, 1)(80, 1)(48, 2)(32, 3)(0, 34)(160, 1)(240, 4)(224, 1)(240, 92)
(240, 135)(224, 1)(240, 4)(208, 1)(128, 1)(192, 1)(208, 2)(224, 1)(208, 2)(176, 1)(144, 1)(128, 1)(96, 1)(80, 1)(64, 1)(48, 3)(64, 1)(48, 1)(0, 14)(16, 2)(0, 29)(16, 1)(160, 1)(240, 141)(160, 1)(112, 1)(160, 1)(192, 2)(176, 1)(160, 1)(176, 1)(160, 1)(112, 1)(96, 1)(64, 1)(48, 3)(32, 2)(16, 1)(0, 33)(32, 1)(240, 97)
(240, 140)(176, 1)(144, 1)(176, 1)(208, 2)(224, 1)(208, 1)(192, 1)(176, 1)(144, 1)(128, 1)(112, 1)(80, 1)(64, 2)(48, 1)(64, 2)(16, 1)(0, 12)(16, 1)(48, 1)(16, 1)(0, 31)(144, 1)(240, 141)(128, 2)(176, 1)(192, 2)(176, 1)(160, 2)(144, 1)(112, 1)(80, 1)(64, 1)(48, 3)(32, 2)(16, 1)(0, 34)(240, 1)(224, 1)(240, 3)(224, 1)(240, 91)
(240, 140)(160, 1)(144, 1)(192, 1)(208, 4)(192, 1)(176, 1)(160, 1)(128, 1)(112, 1)(80, 2)(64, 1)(48, 3)(0, 8)(16, 3)(0, 36)(144, 1)(240, 137)(224, 1)(240, 2)(224, 1)(112, 1)(144, 1)(176, 1)(192, 2)(176, 2)(144, 1)(128, 1)(96, 1)(80, 1)(64, 1)(48, 1)(32, 1)(48, 2)(32, 1)(16, 2)(0, 33)(144, 1)(240, 96)
(240, 136)(224, 1)(240, 3)(144, 1)(160, 1)(176, 1)(208, 2)(224, 1)(208, 1)(192, 1)(176, 1)(144, 1)(128, 1)(112, 1)(80, 2)(64, 1)(48, 1)(64, 1)(48, 1)(0, 6)(16, 1)(32, 1)(16, 2)(0, 37)(128, 1)(240, 140)(224, 1)(128, 1)(144, 1)(176, 1)(192, 3)(176, 1)(144, 1)(128, 1)(96, 1)(80, 1)(64, 1)(32, 2)(48, 3)(16, 2)(0, 33)(32, 1)(240, 3)(224, 1)(240, 92)
(240, 140)(144, 1)(160, 1)(192, 1)(208, 4)(192, 1)(160, 1)(144, 1)(128, 1)(112, 1)(80, 2)(64, 1)(48, 2)(0, 4)(16, 1)(48, 3)(16, 1)(0, 39)(128, 1)(240, 141)(128, 1)(144, 1)(176, 2)(192, 2)(176, 1)(160, 1)(128, 1)(112, 1)(80, 1)(64, 1)(32, 2)(48, 3)(16, 2)(0, 34)(176, 1)(224, 1)(240, 94)
(240, 139)(224, 1)(128, 1)(160, 1)(192, 2)(208, 2)(192, 1)(176, 1)(160, 1)(144, 1)(128, 1)(112, 1)(80, 2)(64, 1)(48, 1)(32, 1)(0, 3)(16, 1)(48, 2)(32, 1)(16, 1)(0, 40)(112, 1)(240, 141)(128, 1)(144, 1)(176, 2)(192, 3)(176, 1)(144, 1)(112, 1)(80, 1)(64, 1)(32, 3)(48, 2)(32, 1)(16, 2)(0, 33)(16, 1)(240, 1)(224, 1)(240, 93)
(240, 139)(224, 1)(128, 1)(144, 1)(192, 2)(208, 2)(192, 1)(176, 1)(144, 1)(128, 2)(96, 1)(80, 1)(64, 1)(48, 2)(16, 1)(0, 2)(32, 2)(16, 3)(0, 41)(112, 1)(240, 141)(144, 2)(176, 2)(192, 2)(176, 1)(160, 1)(144, 1)(112, 1)(80, 1)(48, 1)(32, 3)(48, 3)(16, 2)(0, 34)(96, 1)(240, 94)
(240, 139)(224, 1)(128, 1)(144, 1)(176, 1)(192, 1)(208, 2)(192, 1)(160, 1)(144, 1)(128, 2)(96, 1)(80, 1)(64, 1)(32, 1)(16, 1)(0, 49)(112, 1)(240, 141)(144, 2)(176, 2)(192, 2)(176, 1)(160, 1)(144, 1)(112, 1)(80, 1)(48, 1)(32, 1)(16, 1)(32, 1)(48, 3)(16, 2)(0, 33)(16, 1)(32, 1)(240, 1)(224, 1)(240, 92)
(240, 139)(224, 1)(128, 1)(144, 1)(176, 2)(192, 2)(176, 1)(160, 1)(144, 1)(128, 2)(96, 1)(64, 1)(48, 1)(16, 1)(0, 1)(16, 1)(0, 1)(16, 1)(0, 46)(96, 1)(240, 141)(144, 2)(160, 1)(176, 1)(192, 2)(160, 1)(144, 2)(112, 1)(80, 1)(32, 1)(16, 1)(32, 2)(48, 3)(32, 1)(16, 1)(0, 33)(48, 1)(128, 1)(208, 1)(240, 93)
(240, 136)(224, 1)(240, 2)(224, 1)(128, 1)(144, 1)(176, 2)(192, 2)(176, 1)(160, 1)(144, 1)(128, 2)(96, 1)(48, 1)(16, 1)(0, 6)(16, 1)(0, 44)(80, 1)(240, 141)(144, 2)(160, 1)(176, 1)(192, 2)(160, 1)(144, 1)(128, 1)(112, 1)(64, 1)(32, 4)(48, 1)(32, 3)(16, 1)(0, 33)(48, 1)(176, 2)(240, 93)
(240, 136)(224, 1)(240, 2)(224, 1)(112, 1)(128, 1)(176, 2)(192, 1)(176, 2)(160, 1)(144, 1)(128, 1)(112, 1)(80, 1)(48, 1)(0, 5)(16, 2)(0, 45)(80, 1)(240, 141)(144, 1)(128, 1)(160, 1)(176, 1)(192, 1)(176, 1)(160, 1)(144, 1)(128, 1)(96, 1)(64, 1)(48, 1)(32, 3)(48, 1)(32, 2)(48, 1)(16, 1)(0, 33)(32, 1)(176, 2)(240, 93)
(240, 139)(224, 1)(128, 2)(160, 1)(176, 5)(160, 1)(144, 1)(112, 1)(80, 1)(32, 1)(0, 5)(16, 1)(0, 2)(16, 1)(0, 43)(48, 1)(224, 1)(240, 140)(144, 1)(128, 1)(160, 1)(176, 1)(192, 2)(160, 1)(144, 1)(112, 1)(96, 1)(64, 1)(48, 1)(32, 1)(48, 1)(16, 1)(32, 3)(48, 1)(16, 1)(0, 33)(16, 1)(160, 1)(192, 1)(240, 4)(224, 1)(240, 88)
(240, 140)(128, 1)(112, 1)(160, 1)(176, 5)(160, 1)(144, 1)(112, 1)(80, 1)(32, 1)(0, 52)(32, 1)(208, 1)(240, 140)(144, 1)(128, 1)(160, 1)(176, 1)(192, 1)(176, 1)(160, 1)(144, 1)(112, 1)(80, 1)(64, 2)(48, 1)(32, 1)(16, 1)(0, 1)(32, 3)(16, 1)(0, 34)(80, 1)(240, 5)(224, 1)(240, 88)
(240, 140)(128, 1)(112, 1)(160, 1)(176, 5)(160, 1)(144, 1)(128, 1)(80, 1)(32, 1)(0, 52)(16, 1)(176, 1)(240, 140)(144, 2)(160, 1)(176, 1)(192, 1)(176, 1)(160, 1)(144, 1)(112, 1)(80, 2)(64, 1)(48, 1)(32, 1)(16, 1)(0, 1)(16, 1)(48, 1)(32, 1)(16, 1)(0, 34)(48, 1)(240, 1)(224, 1)(240, 92)
(240, 140)(128, 1)(112, 1)(160, 1)(176, 2)(192, 3)(176, 1)(144, 1)(112, 1)(96, 1)(32, 1)(0, 53)(144, 1)(240, 3)(224, 1)(240, 135)(224, 1)(144, 1)(128, 1)(160, 1)(176, 1)(192, 1)(176, 1)(160, 1)(144, 1)(112, 1)(80, 3)(64, 1)(32, 1)(0, 3)(32, 2)(0, 35)(48, 1)(240, 94)
(240, 140)(128, 1)(112, 1)(160, 1)(176, 2)(192, 3)(176, 1)(144, 1)(112, 1)(96, 1)(32, 1)(0, 53)(112, 1)(240, 3)(224, 1)(240, 135)(208, 1)(144, 1)(128, 1)(144, 1)(176, 1)(192, 1)(176, 1)(160, 1)(128, 1)(112, 1)(80, 3)(64, 1)(32, 1)(0, 4)(16, 1)(0, 35)(16, 1)(240, 94)
(240, 140)(128, 1)(112, 1)(160, 1)(176, 1)(192, 4)(176, 1)(144, 1)(128, 1)(96, 1)(48, 1)(0, 7)(16, 2)(0, 44)(64, 1)(240, 139)(192, 1)(144, 1)(128, 1)(144, 1)(176, 1)(192, 1)(176, 1)(144, 1)(128, 1)(112, 1)(96, 1)(80, 1)(96, 1)(48, 1)(32, 1)(16, 1)(0, 40)(240, 1)(224, 1)(240, 92)
(240, 140)(128, 1)(112, 1)(160, 1)(176, 1)(192, 4)(176, 1)(144, 1)(128, 1)(96, 1)(48, 1)(0, 53)(32, 1)(208, 1)(240, 138)(176, 1)(144, 1)(128, 1)(144, 1)(160, 1)(176, 1)(160, 1)(144, 1)(128, 1)(112, 1)(96, 1)(80, 2)(48, 1)(32, 1)(16, 1)(0, 40)(240, 1)(224, 1)(240, 92)
(240, 140)(128, 1)(112, 1)(160, 1)(176, 1)(192, 4)(160, 1)(144, 1)(128, 1)(96, 1)(48, 1)(0, 53)(16, 1)(160, 1)(240, 138)(160, 1)(144, 1)(128, 1)(144, 1)(160, 3)(144, 1)(128, 1)(112, 1)(96, 1)(80, 1)(64, 2)(32, 1)(0, 41)(240, 94)
(240, 140)(112, 2)(160, 1)(176, 1)(192, 1)(208, 1)(192, 1)(176, 1)(160, 1)(144, 1)(128, 1)(96, 1)(48, 1)(0, 54)(128, 1)(240, 137)(208, 1)(144, 2)(128, 2)(144, 1)(160, 1)(144, 2)(128, 1)(112, 1)(96, 1)(80, 1)(64, 1)(48, 1)(32, 1)(0, 41)(160, 1)(240, 93)
(240, 140)(128, 1)(112, 1)(144, 1)(176, 1)(192, 1)(208, 1)(192, 1)(176, 1)(160, 1)(144, 1)(128, 1)(96, 1)(32, 1)(0, 54)(80, 1)(240, 5)(224, 1)(240, 128)(224, 1)(240, 2)(192, 1)(144, 2)(112, 1)(128, 1)(160, 3)(144, 1)(128, 1)(112, 1)(96, 1)(80, 1)(64, 1)(48, 1)(32, 1)(0, 41)(80, 1)(240, 93)
(240, 140)(128, 1)(112, 1)(144, 1)(176, 1)(192, 1)(208, 1)(192, 1)(176, 1)(160, 1)(144, 1)(128, 1)(96, 1)(32, 1)(0, 41)(16, 1)(0, 12)(32, 1)(224, 1)(240, 4)(224, 1)(240, 127)(224, 1)(240, 3)(176, 1)(128, 1)(144, 1)(112, 1)(128, 1)(160, 1)(176, 1)(160, 1)(144, 1)(128, 1)(112, 1)(96, 1)(80, 1)(64, 1)(48, 1)(16, 1)(0, 41)(32, 1)(240, 93)
(240, 136)(224, 1)(240, 3)(128, 1)(112, 1)(144, 1)(176, 2)(192, 2)(176, 1)(160, 1)(144, 1)(128, 1)(96, 1)(48, 1)(16, 1)(0, 40)(32, 1)(0, 13)(160, 1)(240, 135)(208, 1)(160, 1)(144, 1)(160, 1)(128, 2)(144, 1)(176, 1)(160, 2)(144, 1)(112, 1)(96, 1)(80, 1)(64, 1)(48, 1)(16, 1)(0, 41)(16, 1)(240, 1)(224, 1)(240, 91)
(240, 136)(224, 1)(240, 3)(144, 1)(96, 1)(144, 1)(176, 2)(192, 2)(176, 1)(160, 1)(144, 1)(128, 1)(96, 1)(48, 1)(16, 1)(0, 40)(48, 1)(0, 13)(128, 1)(240, 134)(208, 1)(160, 1)(144, 1)(160, 1)(176, 1)(128, 2)(144, 1)(176, 2)(160, 1)(144, 1)(128, 1)(96, 1)(80, 2)(48, 1)(16, 1)(0, 41)(16, 1)(240, 1)(224, 1)(240, 91)
(240, 136)(224, 1)(240, 3)(144, 1)(96, 1)(144, 1)(176, 2)(192, 3)(160, 1)(144, 1)(128, 1)(96, 1)(48, 1)(16, 1)(0, 40)(48, 1)(16, 1)(0, 12)(96, 1)(240, 133)(224, 1)(176, 1)(144, 2)(160, 1)(176, 1)(128, 2)(144, 1)(176, 2)(160, 2)(128, 1)(112, 1)(80, 2)(48, 1)(16, 1)(0, 41)(16, 1)(208, 1)(240, 92)
(240, 136)(224, 1)(240, 3)(160, 1)(96, 1)(144, 1)(176, 1)(192, 4)(176, 1)(144, 1)(128, 1)(96, 1)(48, 1)(16, 1)(0, 40)(48, 2)(0, 12)(48, 1)(224, 1)(240, 131)(208, 1)(176, 1)(144, 2)(160, 1)(176, 1)(160, 1)(128, 2)(144, 1)(176, 2)(160, 2)(128, 1)(112, 1)(96, 1)(80, 1)(48, 1)(16, 1)(0, 42)(144, 1)(240, 92)
(240, 136)(224, 1)(240, 3)(160, 1)(96, 1)(144, 1)(176, 2)(192, 3)(176, 1)(144, 1)(128, 1)(112, 1)(80, 1)(16, 1)(0, 40)(48, 1)(80, 1)(0, 12)(16, 1)(176, 1)(240, 131)(176, 1)(144, 1)(128, 1)(144, 1)(176, 2)(160, 1)(128, 2)(144, 1)(176, 2)(160, 1)(144, 1)(128, 1)(112, 1)(80, 2)(48, 1)(16, 1)(0, 42)(112, 1)(240, 92)
(240, 136)(224, 1)(240, 3)(160, 1)(112, 1)(144, 1)(176, 2)(192, 3)(176, 1)(144, 1)(128, 1)(112, 1)(80, 1)(32, 1)(0, 40)(32, 1)(192, 1)(0, 13)(160, 1)(240, 32)(224, 1)(240, 3)(224, 1)(240, 2)(224, 1)(240, 3)(224, 1)(240, 87)(176, 1)(128, 1)(144, 2)(160, 1)(176, 1)(160, 1)(128, 2)(144, 1)(160, 1)(176, 2)(144, 1)(128, 1)(112, 1)(96, 1)(64, 1)(48, 1)(16, 1)(0, 42)(64, 1)(240, 92)
(240, 136)(224, 1)(240, 3)(160, 1)(96, 1)(144, 1)(176, 2)(192, 3)(176, 1)(144, 1)(128, 1)(96, 1)(80, 1)(32, 1)(0, 40)(16, 1)(240, 1)(48, 1)(0, 12)(144, 1)(240, 28)(224, 2)(240, 101)(176, 1)(112, 1)(128, 1)(160, 1)(176, 1)(160, 2)(128, 2)(144, 1)(160, 1)(176, 2)(144, 1)(128, 1)(112, 1)(96, 1)(80, 1)(48, 1)(16, 1)(0, 42)(48, 1)(240, 92)
(240, 140)(192, 1)(80, 1)(144, 1)(176, 2)(192, 3)(176, 1)(144, 1)(128, 1)(112, 1)(80, 1)(32, 1)(0, 40)(80, 1)(240, 1)(96, 1)(0, 12)(80, 1)(240, 3)(224, 2)(240, 24)(224, 2)(240, 2)(224, 2)(240, 1)(224, 1)(240, 4)(224, 8)(240, 82)(160, 1)(112, 1)(128, 1)(160, 4)(128, 2)(144, 1)(160, 1)(176, 2)(144, 1)(128, 1)(112, 1)(96, 1)(80, 1)(48, 1)(16, 1)(0, 42)(16, 1)(240, 92)
(240, 140)(208, 1)(80, 1)(144, 1)(160, 1)(176, 1)(192, 3)(176, 1)(144, 1)(128, 1)(112, 1)(80, 1)(32, 1)(0, 40)(128, 1)(240, 1)(176, 1)(0, 12)(32, 1)(224, 1)(240, 50)(224, 1)(240, 79)(144, 1)(112, 1)(128, 2)(160, 2)(144, 1)(128, 2)(144, 1)(160, 1)(176, 2)(144, 1)(128, 1)(112, 1)(96, 1)(80, 1)(48, 1)(16, 1)(0, 42)(16, 1)(240, 92)
(240, 140)(224, 1)(80, 1)(144, 1)(160, 1)(176, 1)(192, 3)(176, 1)(144, 1)(128, 1)(112, 1)(80, 1)(32, 1)(0, 39)(64, 1)(240, 1)(224, 1)(240, 1)(32, 1)(0, 11)(16, 1)(192, 1)(240, 1)(224, 1)(240, 48)(224, 1)(240, 79)(176, 1)(80, 1)(112, 1)(128, 2)(160, 1)(128, 3)(144, 1)(160, 1)(176, 2)(144, 1)(128, 1)(112, 1)(96, 1)(80, 1)(32, 1)(16, 1)(0, 25)(16, 1)(0, 17)(240, 92)
(240, 140)(224, 1)(96, 1)(144, 1)(160, 1)(176, 1)(192, 3)(176, 1)(144, 1)(128, 1)(112, 1)(80, 1)(16, 1)(0, 38)(16, 1)(176, 1)(240, 1)(208, 1)(240, 1)(64, 1)(0, 12)(144, 1)(240, 37)(224, 1)(240, 92)(224, 1)(64, 2)(112, 2)(128, 2)(112, 1)(128, 1)(144, 1)(160, 1)(176, 2)(144, 1)(128, 1)(112, 1)(96, 1)(80, 1)(32, 1)(16, 1)(0, 25)(16, 1)(0, 1)(48, 1)(0, 15)(208, 1)(240, 91)
(240, 137)(224, 1)(240, 2)(224, 1)(112, 1)(128, 1)(160, 2)(176, 1)(192, 2)(176, 1)(144, 1)(128, 1)(112, 1)(64, 1)(16, 1)(0, 37)(16, 1)(208, 1)(240, 1)(224, 1)(240, 2)(112, 1)(0, 5)(16, 3)(0, 3)(16, 1)(64, 1)(192, 1)(240, 31)(224, 2)(240, 1)(112, 1)(32, 1)(16, 1)(32, 1)(144, 1)(240, 2)(224, 1)(240, 88)(112, 1)(64, 1)(80, 1)(96, 1)(112, 1)(128, 1)(112, 1)(128, 1)(144, 1)(160, 1)(176, 1)(160, 1)(144, 1)(128, 1)(112, 1)(80, 2)(32, 1)(0, 28)(96, 1)(64, 1)(0, 14)(160, 1)(240, 91)
(240, 137)(224, 1)(240, 2)(224, 1)(128, 2)(160, 2)(176, 3)(160, 1)(144, 1)(128, 1)(96, 1)(64, 1)(0, 37)(16, 1)(160, 1)(240, 3)(224, 1)(240, 2)(16, 1)(0, 3)(16, 4)(32, 1)(16, 1)(32, 1)(48, 2)(64, 1)(112, 1)(224, 1)(240, 25)(208, 1)(176, 1)(128, 1)(48, 1)(0, 10)(16, 1)(80, 1)(128, 1)(192, 1)(240, 85)(192, 1)(80, 1)(48, 1)(96, 1)(112, 1)(128, 3)(144, 1)(160, 3)(144, 1)(128, 1)(112, 1)(80, 2)(32, 1)(0, 27)(80, 1)(112, 1)(240, 1)(48, 1)(0, 13)(128, 1)(240, 91)
(240, 140)(224, 1)(112, 2)(144, 1)(160, 1)(176, 2)(192, 1)(160, 1)(144, 1)(128, 1)(96, 1)(48, 1)(0, 38)(160, 1)(240, 4)(224, 1)(240, 1)(16, 1)(0, 2)(16, 1)(32, 6)(64, 1)(96, 2)(80, 2)(112, 1)(208, 1)(240, 18)(224, 2)(176, 1)(96, 1)(48, 1)(0, 20)(32, 1)(64, 1)(144, 1)(224, 2)(240, 17)(224, 1)(240, 3)(224, 1)(240, 6)(224, 1)(240, 2)(224, 1)(240, 3)(224, 2)(240, 4)(224, 1)(240, 15)(224, 1)(240, 22)(176, 1)(96, 2)(112, 1)(128, 1)(112, 1)(128, 1)(144, 1)(160, 3)(144, 1)(128, 1)(112, 1)(80, 1)(64, 1)(32, 1)(0, 27)(240, 1)(64, 1)(240, 1)(144, 1)(0, 13)(96, 1)(240, 91)
(240, 140)(224, 1)(128, 1)(96, 1)(128, 1)(160, 1)(176, 2)(192, 1)(160, 1)(128, 1)(112, 1)(80, 1)(32, 1)(0, 37)(16, 1)(192, 1)(240, 4)(224, 1)(240, 1)(48, 1)(0, 2)(32, 1)(48, 1)(80, 1)(96, 1)(48, 2)(64, 1)(96, 1)(128, 2)(96, 3)(80, 1)(160, 1)(240, 12)(224, 2)(176, 1)(96, 1)(32, 1)(0, 30)(16, 1)(96, 1)(176, 1)(224, 2)(240, 15)(224, 1)(240, 2)(224, 1)(240, 4)(224, 1)(240, 8)(224, 2)(240, 10)(224, 1)(240, 4)(224, 1)(240, 3)(224, 2)(240, 21)(160, 1)(128, 3)(96, 1)(128, 1)(144, 1)(160, 3)(144, 1)(128, 1)(112, 1)(80, 1)(64, 1)(32, 1)(0, 26)(96, 1)(224, 1)(112, 1)(240, 1)(192, 1)(16, 1)(0, 12)(80, 1)(240, 91)
(240, 141)(144, 1)(96, 1)(128, 1)(144, 1)(160, 1)(176, 1)(192, 1)(176, 1)(128, 1)(96, 1)(64, 1)(16, 1)(0, 37)(32, 1)(240, 7)(160, 1)(0, 2)(48, 1)(96, 2)(64, 2)(80, 1)(112, 1)(128, 1)(144, 1)(128, 2)(112, 1)(96, 2)(64, 1)(96, 1)(208, 1)(240, 1)(224, 1)(240, 3)(208, 1)(192, 1)(144, 1)(64, 1)(32, 1)(0, 40)(32, 1)(80, 1)(128, 1)(192, 1)(224, 1)(240, 20)(224, 1)(240, 1)(224, 3)(240, 16)(224, 1)(240, 4)(224, 2)(240, 5)(224, 1)(240, 17)(160, 1)(112, 1)(128, 2)(112, 1)(128, 1)(144, 1)(160, 2)(144, 2)(128, 1)(112, 1)(80, 1)(48, 1)(16, 1)(0, 26)(240, 1)(160, 1)(64, 1)(176, 1)(240, 1)(64, 1)(0, 12)(64, 1)(240, 91)
(240, 141)(176, 1)(80, 1)(128, 1)(144, 1)(160, 2)(176, 2)(144, 1)(112, 1)(64, 1)(0, 38)(64, 1)(240, 8)(16, 1)(0, 1)(64, 1)(96, 2)(80, 2)(112, 1)(144, 1)(160, 1)(144, 4)(128, 1)(96, 3)(112, 1)(192, 1)(240, 1)(160, 1)(48, 1)(16, 1)(0, 50)(32, 1)(96, 1)(192, 1)(224, 2)(240, 34)(224, 1)(112, 1)(128, 1)(224, 1)(240, 2)(224, 1)(240, 25)(128, 1)(96, 1)(112, 2)(128, 2)(144, 1)(160, 2)(144, 2)(128, 1)(112, 1)(80, 1)(48, 1)(16, 1)(0, 25)(64, 1)(240, 1)(160, 1)(64, 1)(128, 1)(240, 1)(192, 1)(0, 12)(48, 1)(240, 91)
(240, 141)(192, 1)(64, 1)(128, 1)(144, 1)(160, 2)(176, 2)(160, 1)(128, 1)(64, 1)(0, 38)(112, 1)(240, 6)(224, 1)(240, 1)(80, 1)(0, 1)(64, 1)(96, 2)(112, 2)(128, 1)(160, 2)(176, 2)(160, 2)(144, 1)(128, 2)(112, 2)(128, 2)(48, 1)(0, 57)(48, 1)(96, 1)(160, 1)(208, 1)(224, 1)(240, 17)(224, 3)(240, 3)(224, 3)(240, 2)(208, 1)(80, 1)(48, 1)(32, 1)(48, 1)(192, 1)(240, 26)(192, 1)(96, 1)(112, 1)(128, 1)(112, 2)(128, 1)(144, 2)(160, 1)(144, 2)(128, 1)(112, 1)(80, 1)(48, 1)(16, 1)(0, 25)(208, 1)(240, 1)(176, 1)(112, 1)(160, 1)(224, 2)(16, 1)(0, 11)(48, 1)(240, 91)
(240, 137)(224, 1)(240, 3)(192, 1)(80, 1)(112, 1)(144, 1)(160, 1)(176, 1)(192, 1)(176, 1)(160, 1)(144, 1)(96, 1)(16, 1)(0, 37)(160, 1)(240, 8)(208, 1)(32, 1)(16, 1)(64, 1)(96, 1)(128, 1)(160, 1)(176, 1)(160, 1)(176, 3)(160, 2)(144, 2)(128, 2)(112, 1)(96, 1)(128, 1)(176, 1)(192, 1)(80, 1)(0, 60)(32, 1)(96, 1)(160, 1)(224, 1)(208, 1)(224, 1)(240, 8)(224, 1)(240, 7)(160, 1)(112, 3)(144, 1)(128, 1)(80, 1)(64, 2)(80, 1)(48, 2)(160, 1)(240, 23)(224, 1)(240, 1)(160, 1)(96, 1)(112, 1)(128, 1)(112, 2)(128, 1)(144, 1)(160, 2)(144, 2)(128, 1)(112, 1)(80, 1)(48, 1)(16, 1)(0, 25)(240, 2)(208, 1)(144, 1)(208, 1)(144, 1)(224, 1)(80, 1)(0, 11)(64, 1)(240, 91)
(240, 137)(224, 1)(240, 3)(224, 1)(96, 1)(112, 1)(144, 1)(160, 1)(176, 3)(160, 1)(144, 1)(128, 1)(96, 1)(16, 1)(0, 35)(32, 1)(208, 1)(240, 7)(224, 1)(240, 1)(96, 1)(0, 1)(32, 1)(112, 1)(144, 2)(160, 1)(176, 2)(160, 5)(128, 1)(144, 2)(128, 2)(112, 2)(144, 1)(208, 1)(176, 1)(16, 1)(0, 63)(48, 1)(112, 1)(176, 1)(208, 1)(224, 2)(240, 10)(192, 1)(112, 4)(96, 1)(128, 1)(144, 1)(112, 1)(80, 3)(48, 2)(96, 1)(208, 1)(240, 4)(224, 2)(240, 17)(144, 1)(96, 1)(112, 1)(128, 1)(112, 2)(128, 1)(144, 1)(160, 1)(144, 3)(128, 1)(112, 1)(80, 1)(48, 1)(16, 1)(0, 24)(32, 1)(176, 1)(240, 2)(176, 1)(240, 1)(176, 1)(128, 1)(64, 1)(0, 11)(80, 1)(240, 91)
(240, 135)(224, 1)(240, 1)(224, 1)(240, 4)(112, 2)(144, 1)(160, 6)(176, 1)(192, 1)(176, 1)(96, 1)(32, 1)(0, 33)(80, 1)(240, 4)(224, 1)(208, 1)(192, 1)(144, 1)(96, 1)(48, 1)(16, 1)(0, 2)(48, 1)(128, 1)(160, 4)(176, 4)(160, 1)(144, 2)(128, 3)(144, 1)(160, 1)(144, 1)(128, 1)(176, 1)(240, 1)(128, 1)(16, 1)(0, 65)(16, 1)(48, 1)(80, 1)(144, 1)(208, 1)(224, 1)(240, 6)(160, 1)(80, 1)(112, 1)(128, 1)(96, 1)(80, 2)(96, 2)(128, 2)(96, 2)(64, 1)(48, 1)(80, 1)(160, 1)(240, 22)(144, 1)(128, 1)(112, 2)(96, 2)(128, 1)(144, 1)(160, 1)(144, 3)(128, 1)(112, 1)(64, 1)(32, 1)(0, 25)(208, 1)(112, 1)(240, 2)(208, 1)(240, 1)(224, 1)(64, 1)(0, 12)(112, 1)(240, 91)
(240, 137)(224, 1)(240, 4)(144, 1)(112, 1)(144, 2)(160, 3)(192, 1)(160, 1)(176, 5)(112, 1)(16, 1)(0, 31)(112, 1)(208, 1)(192, 1)(128, 1)(48, 1)(16, 1)(0, 9)(48, 1)(128, 1)(160, 4)(176, 3)(160, 2)(144, 6)(160, 1)(144, 3)(160, 2)(144, 1)(0, 70)(48, 1)(144, 1)(192, 2)(240, 1)(192, 1)(112, 2)(144, 2)(112, 4)(128, 2)(96, 1)(112, 1)(128, 1)(112, 1)(80, 1)(48, 1)(80, 1)(144, 1)(208, 1)(240, 20)(144, 1)(112, 3)(80, 2)(112, 1)(144, 1)(160, 2)(128, 1)(144, 1)(128, 1)(96, 1)(64, 1)(32, 1)(0, 24)(32, 1)(240, 1)(128, 1)(208, 1)(240, 2)(208, 1)(64, 1)(32, 1)(16, 1)(0, 11)(112, 1)(240, 91)
(240, 137)(224, 1)(240, 4)(160, 1)(112, 1)(144, 2)(128, 1)(176, 2)(160, 1)(176, 1)(160, 1)(176, 1)(192, 1)(160, 1)(144, 1)(160, 1)(208, 1)(176, 1)(48, 1)(0, 45)(16, 1)(80, 1)(128, 1)(160, 3)(176, 2)(160, 1)(144, 1)(160, 3)(144, 4)(176, 1)(160, 1)(144, 1)(128, 2)(176, 1)(240, 1)(48, 1)(0, 72)(16, 1)(80, 1)(96, 1)(80, 1)(96, 1)(112, 1)(128, 1)(112, 1)(128, 1)(144, 1)(128, 1)(144, 1)(112, 1)(96, 1)(128, 2)(112, 3)(128, 4)(144, 3)(160, 3)(176, 1)(192, 1)(208, 2)(224, 4)(208, 2)(192, 2)(160, 1)(128, 2)(112, 1)(96, 1)(80, 1)(128, 1)(144, 5)(128, 1)(96, 1)(48, 1)(32, 1)(0, 24)(160, 1)(240, 1)(208, 1)(192, 1)(240, 1)(176, 1)(16, 1)(32, 2)(16, 1)(0, 11)(80, 1)(240, 91)
(240, 137)(224, 1)(240, 4)(176, 1)(128, 2)(144, 3)(160, 2)(176, 1)(192, 4)(176, 3)(160, 1)(176, 1)(160, 1)(64, 1)(0, 45)(32, 1)(80, 1)(112, 1)(128, 2)(144, 1)(160, 2)(144, 1)(128, 3)(144, 1)(160, 1)(128, 1)(176, 1)(144, 1)(128, 3)(144, 1)(176, 1)(240, 1)(192, 1)(16, 1)(0, 71)(32, 1)(192, 1)(176, 1)(144, 1)(112, 2)(128, 2)(144, 3)(160, 1)(144, 1)(128, 2)(144, 2)(128, 1)(144, 2)(128, 6)(112, 4)(128, 5)(112, 3)(96, 2)(128, 1)(112, 1)(128, 1)(112, 3)(128, 1)(144, 5)(96, 1)(80, 1)(48, 1)(16, 1)(0, 24)(224, 1)(240, 2)(160, 1)(224, 1)(48, 1)(16, 1)(32, 1)(16, 1)(0, 12)(48, 1)(240, 91)
(240, 142)(192, 1)(96, 1)(144, 3)(128, 2)(176, 1)(160, 1)(144, 2)(176, 1)(192, 2)(208, 1)(192, 1)(176, 1)(160, 1)(144, 1)(176, 2)(64, 1)(0, 46)(32, 1)(80, 1)(112, 2)(128, 1)(144, 2)(128, 6)(160, 1)(112, 3)(176, 1)(160, 1)(192, 1)(224, 1)(240, 1)(208, 1)(64, 1)(16, 1)(0, 68)(96, 1)(224, 1)(208, 1)(160, 1)(192, 1)(176, 1)(160, 1)(176, 1)(160, 1)(176, 1)(144, 2)(160, 2)(128, 1)(144, 2)(112, 1)(128, 1)(160, 1)(144, 4)(128, 2)(112, 2)(96, 1)(112, 5)(96, 3)(112, 2)(96, 1)(112, 2)(144, 1)(128, 1)(144, 1)(128, 2)(144, 1)(128, 1)(144, 2)(128, 1)(80, 1)(64, 1)(32, 1)(16, 1)(0, 23)(32, 1)(240, 2)(224, 1)(160, 1)(48, 1)(16, 2)(0, 14)(16, 1)(240, 1)(224, 1)(240, 89)
(240, 135)(224, 1)(240, 6)(208, 1)(80, 1)(128, 1)(144, 1)(128, 4)(144, 2)(160, 1)(176, 3)(192, 1)(208, 2)(192, 2)(160, 2)(208, 1)(224, 1)(80, 1)(0, 47)(16, 1)(48, 1)(64, 1)(96, 2)(64, 3)(80, 2)(144, 2)(128, 1)(112, 1)(96, 1)(112, 2)(128, 1)(144, 1)(96, 2)(64, 1)(80, 1)(32, 1)(0, 65)(16, 1)(128, 1)(48, 1)(16, 1)(32, 1)(96, 1)(176, 1)(192, 2)(176, 1)(208, 1)(192, 1)(176, 1)(160, 1)(176, 2)(192, 2)(160, 1)(176, 1)(192, 1)(176, 2)(160, 1)(144, 1)(128, 7)(112, 2)(96, 3)(112, 2)(128, 4)(144, 4)(128, 1)(144, 2)(160, 1)(144, 1)(128, 1)(80, 1)(64, 1)(32, 1)(16, 1)(0, 23)(96, 1)(240, 1)(224, 1)(144, 1)(48, 1)(0, 1)(16, 1)(0, 15)(16, 1)(240, 1)(224, 1)(240, 89)
(240, 135)(224, 1)(240, 7)(128, 1)(64, 1)(112, 1)(128, 3)(112, 1)(144, 1)(128, 1)(144, 1)(160, 2)(176, 1)(192, 3)(208, 2)(192, 1)(176, 1)(160, 2)(192, 1)(208, 1)(128, 1)(32, 1)(0, 49)(16, 1)(32, 1)(16, 1)(0, 1)(16, 1)(160, 2)(128, 1)(96, 1)(80, 1)(160, 1)(176, 1)(160, 1)(176, 1)(128, 1)(64, 1)(16, 1)(48, 1)(96, 1)(48, 1)(0, 71)(112, 1)(192, 1)(224, 1)(208, 1)(224, 1)(240, 1)(224, 1)(192, 2)(208, 1)(192, 1)(176, 1)(208, 1)(224, 2)(208, 1)(192, 1)(176, 1)(160, 1)(144, 2)(128, 6)(112, 2)(128, 5)(144, 8)(160, 1)(176, 1)(144, 1)(128, 1)(80, 1)(64, 1)(32, 1)(0, 24)(48, 1)(240, 1)(96, 1)(32, 1)(0, 18)(64, 1)(240, 91)
(240, 143)(208, 1)(48, 1)(80, 1)(112, 1)(96, 1)(128, 3)(144, 2)(160, 1)(144, 2)(160, 1)(192, 3)(208, 1)(192, 1)(208, 1)(240, 1)(208, 1)(192, 1)(208, 1)(224, 1)(240, 2)(224, 1)(128, 1)(32, 1)(0, 50)(176, 1)(208, 1)(112, 2)(96, 1)(48, 1)(128, 1)(176, 1)(224, 1)(240, 1)(112, 1)(96, 1)(48, 1)(112, 1)(160, 1)(176, 1)(96, 1)(32, 1)(0, 70)(80, 1)(160, 1)(208, 2)(240, 2)(224, 1)(192, 2)(160, 2)(192, 1)(208, 1)(224, 1)(208, 1)(176, 1)(160, 1)(144, 4)(160, 1)(144, 3)(128, 3)(144, 3)(160, 2)(144, 3)(128, 1)(144, 1)(160, 2)(176, 2)(128, 1)(96, 1)(80, 1)(48, 1)(16, 1)(0, 25)(80, 1)(16, 1)(0, 18)(64, 1)(240, 92)
(240, 144)(96, 1)(64, 1)(80, 2)(96, 1)(112, 2)(144, 4)(160, 1)(176, 2)(160, 1)(192, 1)(176, 1)(208, 2)(192, 1)(208, 2)(192, 1)(208, 2)(192, 1)(208, 1)(240, 2)(224, 1)(128, 1)(48, 1)(0, 47)(144, 1)(240, 1)(192, 1)(144, 1)(128, 1)(64, 1)(48, 2)(128, 1)(224, 1)(240, 1)(144, 1)(80, 2)(144, 1)(128, 1)(144, 1)(160, 1)(128, 1)(64, 1)(16, 1)(0, 69)(32, 1)(80, 1)(144, 1)(160, 3)(128, 1)(96, 1)(64, 1)(48, 1)(96, 1)(144, 1)(176, 2)(160, 1)(144, 8)(128, 3)(144, 2)(128, 1)(144, 2)(128, 1)(144, 3)(160, 3)(176, 2)(112, 1)(96, 1)(80, 1)(48, 1)(16, 1)(0, 43)(32, 1)(224, 1)(240, 93)
(240, 111)(224, 1)(240, 30)(224, 1)(208, 1)(112, 1)(16, 1)(48, 3)(64, 1)(80, 1)(96, 1)(112, 1)(128, 1)(144, 4)(160, 1)(176, 3)(192, 1)(208, 1)(192, 2)(208, 2)(192, 1)(208, 2)(192, 2)(208, 2)(192, 1)(176, 1)(96, 1)(32, 1)(0, 6)(16, 1)(48, 1)(32, 1)(0, 35)(16, 1)(160, 1)(224, 1)(192, 1)(160, 1)(144, 1)(96, 1)(0, 2)(48, 1)(192, 1)(240, 1)(176, 1)(96, 1)(64, 1)(144, 2)(96, 2)(144, 1)(192, 1)(128, 1)(16, 1)(0, 70)(16, 1)(48, 1)(32, 1)(0, 4)(16, 1)(48, 1)(80, 1)(112, 1)(128, 1)(144, 1)(128, 1)(112, 3)(128, 1)(144, 1)(128, 1)(112, 3)(128, 5)(144, 4)(160, 1)(176, 2)(160, 2)(96, 2)(64, 1)(32, 1)(0, 43)(160, 1)(240, 95)
(240, 106)(224, 1)(240, 6)(224, 2)(240, 22)(208, 1)(192, 1)(160, 1)(112, 1)(64, 1)(32, 1)(0, 5)(16, 2)(32, 2)(48, 1)(64, 1)(96, 1)(112, 1)(128, 2)(144, 2)(160, 1)(176, 1)(192, 1)(176, 1)(192, 1)(208, 2)(192, 6)(176, 3)(160, 1)(176, 2)(192, 1)(176, 1)(144, 1)(128, 1)(160, 1)(208, 1)(240, 2)(192, 1)(64, 1)(0, 36)(64, 1)(144, 1)(176, 2)(160, 1)(192, 1)(0, 2)(16, 1)(144, 1)(240, 1)(192, 1)(80, 1)(48, 1)(144, 1)(176, 1)(128, 2)(144, 2)(192, 1)(128, 1)(16, 1)(0, 78)(32, 1)(64, 1)(96, 3)(112, 2)(96, 1)(112, 3)(96, 1)(80, 2)(96, 2)(112, 2)(128, 1)(144, 4)(160, 1)(144, 2)(160, 1)(144, 1)(80, 1)(32, 1)(16, 1)(0, 41)(16, 1)(224, 1)(240, 96)
(240, 103)(224, 1)(240, 5)(224, 2)(240, 21)(208, 1)(176, 1)(160, 2)(80, 1)(16, 1)(0, 13)(16, 2)(32, 1)(48, 1)(64, 1)(80, 1)(96, 1)(112, 3)(128, 1)(160, 1)(176, 2)(192, 2)(208, 1)(224, 1)(208, 1)(192, 1)(208, 1)(192, 2)(176, 3)(192, 2)(176, 1)(160, 2)(144, 1)(112, 1)(128, 1)(176, 4)(128, 1)(16, 1)(0, 36)(64, 1)(224, 1)(208, 1)(240, 1)(48, 1)(0, 3)(80, 1)(192, 1)(240, 1)(112, 1)(64, 1)(176, 1)(208, 1)(128, 1)(144, 1)(160, 1)(144, 1)(176, 1)(16, 1)(0, 81)(16, 1)(48, 1)(64, 4)(96, 1)(112, 1)(96, 1)(80, 2)(64, 1)(80, 4)(96, 2)(112, 4)(128, 1)(144, 1)(128, 1)(48, 1)(16, 2)(0, 40)(64, 1)(240, 2)(224, 1)(240, 95)
(240, 118)(224, 1)(240, 7)(208, 1)(192, 1)(176, 1)(144, 1)(96, 1)(64, 1)(16, 1)(0, 20)(16, 1)(32, 3)(48, 2)(64, 2)(80, 1)(112, 1)(128, 1)(160, 1)(176, 1)(192, 1)(208, 1)(192, 2)(224, 2)(192, 2)(208, 1)(192, 2)(176, 1)(160, 1)(128, 1)(144, 1)(160, 1)(192, 2)(128, 1)(96, 1)(80, 1)(112, 1)(192, 1)(240, 2)(80, 1)(0, 36)(80, 1)(208, 1)(176, 1)(0, 6)(112, 1)(240, 1)(144, 1)(96, 1)(112, 1)(176, 2)(144, 1)(192, 1)(96, 1)(0, 88)(16, 1)(32, 1)(64, 1)(80, 1)(64, 2)(48, 6)(64, 3)(80, 1)(96, 1)(80, 1)(32, 1)(0, 2)(16, 1)(0, 39)(128, 1)(240, 1)(224, 1)(240, 3)(224, 2)(240, 92)
(240, 121)(208, 1)(192, 1)(160, 1)(128, 1)(64, 1)(32, 1)(0, 29)(16, 2)(32, 3)(48, 1)(64, 2)(80, 1)(112, 1)(144, 1)(192, 1)(240, 3)(224, 1)(208, 1)(192, 1)(176, 2)(160, 2)(144, 4)(160, 2)(192, 1)(176, 1)(112, 1)(96, 1)(144, 1)(208, 1)(224, 1)(240, 1)(160, 1)(32, 1)(0, 35)(16, 1)(0, 8)(64, 1)(176, 1)(160, 1)(48, 1)(16, 1)(112, 1)(160, 1)(96, 1)(0, 95)(16, 8)(32, 3)(16, 1)(0, 1)(16, 1)(32, 2)(0, 37)(16, 1)(208, 1)(240, 1)(224, 1)(240, 6)(224, 1)(240, 91)
(240, 115)(224, 1)(208, 1)(176, 1)(160, 1)(128, 1)(64, 1)(16, 1)(0, 39)(16, 2)(32, 3)(48, 1)(80, 1)(112, 1)(160, 1)(208, 1)(240, 2)(192, 1)(176, 1)(192, 1)(176, 1)(160, 1)(144, 2)(128, 3)(144, 1)(160, 1)(192, 1)(208, 1)(192, 1)(128, 1)(112, 1)(176, 1)(208, 2)(192, 1)(80, 1)(0, 45)(16, 1)(0, 113)(16, 1)(32, 1)(16, 1)(0, 36)(48, 1)(240, 5)(224, 1)(240, 1)(224, 1)(240, 94)
(240, 110)(208, 1)(176, 2)(128, 1)(80, 1)(32, 1)(16, 1)(0, 47)(16, 1)(32, 2)(0, 3)(48, 1)(128, 1)(192, 1)(208, 2)(192, 1)(176, 1)(160, 1)(144, 1)(160, 1)(176, 3)(144, 1)(112, 1)(128, 1)(144, 1)(192, 1)(208, 1)(160, 1)(144, 1)(128, 1)(144, 2)(160, 1)(64, 1)(0, 196)(160, 1)(240, 1)(224, 1)(240, 4)(224, 2)(240, 1)(224, 1)(240, 1)(224, 1)(240, 91)
(240, 105)(208, 1)(176, 1)(160, 1)(144, 1)(80, 1)(32, 1)(0, 61)(96, 1)(224, 1)(240, 1)(208, 1)(192, 1)(160, 1)(176, 1)(192, 2)(176, 1)(160, 1)(176, 1)(192, 1)(128, 1)(80, 1)(112, 1)(160, 1)(192, 2)(128, 1)(96, 1)(128, 1)(160, 1)(208, 1)(64, 1)(0, 193)(32, 1)(224, 1)(240, 104)
(240, 71)(224, 2)(240, 4)(224, 1)(240, 21)(224, 1)(192, 1)(176, 1)(144, 1)(112, 1)(64, 1)(16, 1)(0, 67)(112, 1)(240, 2)(224, 1)(176, 2)(192, 1)(176, 1)(144, 2)(128, 1)(176, 1)(208, 1)(176, 1)(144, 1)(112, 2)(128, 1)(160, 1)(224, 1)(128, 1)(144, 1)(192, 1)(208, 1)(96, 1)(0, 190)(32, 1)(192, 1)(240, 106)
(240, 73)(224, 2)(240, 12)(224, 1)(240, 7)(176, 1)(160, 1)(144, 1)(96, 1)(48, 1)(16, 1)(0, 73)(112, 1)(176, 1)(224, 1)(192, 1)(176, 1)(208, 1)(224, 1)(208, 1)(160, 1)(80, 1)(64, 1)(112, 1)(176, 1)(192, 1)(208, 1)(144, 1)(96, 1)(128, 1)(208, 1)(176, 1)(160, 3)(224, 1)(80, 1)(0, 188)(160, 1)(240, 108)
(240, 63)(224, 3)(240, 23)(208, 1)(192, 1)(160, 1)(144, 1)(80, 1)(48, 1)(0, 81)(32, 1)(96, 1)(144, 3)(208, 1)(240, 1)(208, 1)(80, 1)(48, 1)(128, 1)(160, 1)(192, 1)(240, 1)(208, 1)(144, 1)(112, 1)(160, 1)(208, 1)(176, 1)(144, 1)(160, 1)(240, 1)(80, 1)(0, 187)(176, 1)(144, 1)(192, 1)(224, 1)(240, 16)(224, 2)(240, 87)
(240, 84)(208, 1)(160, 1)(144, 1)(96, 1)(48, 1)(32, 1)(0, 89)(16, 2)(64, 1)(192, 1)(240, 2)(224, 1)(144, 1)(128, 1)(96, 1)(144, 1)(240, 2)(192, 1)(176, 1)(208, 1)(192, 1)(160, 1)(208, 1)(240, 1)(64, 1)(0, 189)(16, 1)(48, 1)(64, 1)(112, 1)(160, 1)(192, 1)(240, 101)
(240, 79)(208, 1)(160, 1)(128, 1)(112, 1)(64, 1)(16, 1)(0, 97)(16, 1)(96, 1)(176, 1)(224, 1)(240, 2)(48, 1)(0, 1)(96, 1)(208, 1)(240, 2)(112, 1)(96, 1)(224, 1)(240, 1)(32, 1)(0, 196)(64, 1)(112, 1)(128, 1)(160, 1)(208, 1)(240, 96)
(240, 73)(224, 1)(176, 1)(160, 1)(128, 1)(80, 1)(48, 1)(16, 1)(0, 105)(64, 1)(112, 1)(80, 1)(0, 3)(16, 1)(112, 1)(128, 1)(0, 2)(64, 1)(32, 1)(0, 201)(16, 1)(64, 1)(96, 1)(128, 1)(176, 1)(192, 1)(224, 1)(240, 90)
(240, 68)(208, 1)(160, 1)(144, 1)(112, 1)(64, 1)(32, 1)(0, 330)(16, 1)(32, 1)(80, 1)(128, 1)(160, 1)(192, 1)(240, 86)
(240, 62)(224, 1)(192, 1)(160, 1)(144, 1)(96, 1)(64, 1)(16, 1)(0, 340)(16, 1)(48, 1)(96, 1)(128, 1)(160, 1)(192, 1)(224, 1)(240, 80)
(240, 57)(224, 1)(176, 1)(144, 1)(112, 1)(64, 1)(32, 1)(16, 1)(0, 350)(16, 1)(32, 1)(80, 1)(128, 1)(144, 1)(192, 1)(240, 76)
(240, 25)(224, 2)(240, 25)(224, 1)(176, 1)(128, 1)(112, 1)(96, 1)(32, 1)(0, 361)(16, 1)(64, 1)(112, 2)(160, 1)(208, 1)(240, 6)(224, 1)(240, 17)(224, 1)(240, 46)
(240, 47)(192, 1)(176, 1)(144, 1)(96, 1)(64, 1)(32, 1)(0, 371)(16, 1)(64, 1)(96, 1)(128, 1)(160, 1)(208, 1)(240, 17)(224, 2)(240, 2)(224, 1)(240, 44)
(240, 24)(224, 1)(240, 17)(192, 1)(144, 1)(128, 1)(80, 1)(48, 1)(16, 1)(0, 381)(16, 1)(48, 1)(96, 1)(128, 1)(160, 1)(224, 1)(240, 15)(224, 2)(240, 44)
(240, 28)(224, 2)(240, 6)(224, 1)(176, 1)(144, 1)(112, 1)(80, 1)(48, 1)(16, 1)(0, 391)(32, 1)(64, 1)(96, 1)(128, 1)(160, 1)(208, 1)(240, 6)(224, 2)(240, 48)
(240, 31)(208, 1)(160, 1)(128, 1)(80, 1)(64, 1)(32, 1)(0, 402)(32, 1)(48, 1)(80, 1)(128, 1)(160, 1)(192, 1)(240, 51)
(240, 26)(208, 1)(160, 1)(112, 1)(96, 1)(80, 1)(32, 1)(0, 412)(16, 1)(64, 1)(96, 1)(112, 1)(160, 1)(208, 1)(240, 46)
(240, 21)(176, 1)(144, 1)(128, 1)(80, 1)(48, 1)(16, 1)(0, 422)(16, 1)(48, 1)(80, 1)(128, 1)(144, 1)(176, 1)(240, 41)
(240, 16)(176, 1)(144, 1)(96, 1)(80, 1)(32, 1)(16, 1)(0, 432)(16, 1)(48, 1)(80, 1)(96, 1)(144, 1)(192, 1)(240, 7)(224, 1)(240, 15)(224, 2)(240, 11)
(240, 10)(208, 1)(160, 1)(128, 1)(96, 1)(64, 1)(48, 1)(0, 443)(16, 1)(48, 1)(80, 1)(96, 1)(144, 1)(192, 1)(224, 1)(240, 6)(224, 1)(240, 10)(224, 2)(240, 11)
(240, 5)(224, 1)(160, 1)(112, 1)(80, 1)(48, 1)(32, 1)(0, 453)(16, 1)(32, 1)(64, 1)(96, 1)(128, 1)(176, 1)(240, 8)(224, 1)(240, 12)(224, 1)(240, 4)
(224, 1)(176, 1)(112, 1)(80, 1)(64, 1)(32, 1)(0, 464)(32, 1)(64, 1)(96, 1)(128, 1)(192, 1)(240, 7)(224, 1)(240, 13)
(32, 1)(0, 473)(16, 1)(32, 1)(64, 1)(112, 1)(144, 1)(176, 1)(224, 1)(240, 15)
(0, 480)(32, 1)(64, 1)(96, 1)(128, 1)(176, 1)(224, 1)(240, 10)
(0, 485)(32, 1)(64, 1)(80, 1)(128, 1)(160, 1)(208, 1)(240, 5)
(0, 490)(32, 2)(80, 1)(96, 1)(160, 1)(224, 1)
(0, 495)(32, 1)
(0, 496)
(0, 496)
(0, 496)
(0, 496)
(0, 496)
(0, 496)
(0, 496)
(0, 496)
(0, 496)
(0, 496)
(0, 496)
(0, 496)
(0, 496)
(0, 496)
(0, 496)
(0, 496)
(0, 496)
(0, 496)
(0, 496)
(0, 496)
(0, 496)
(0, 496)
(0, 496)
(0, 496)
(0, 496)
(0, 496)
(0, 496)
(0, 496)
(0, 496)
(0, 496)
(0, 496)
(0, 496)
(0, 496)
(0, 496)
(0, 496)
(0, 496)
(0, 496)
(0, 496)
(0, 496)
(0, 496)
(0, 496)
(0, 496)
(0, 496)
(0, 496)
(0, 496)
(0, 496)
(0, 496)
(0, 496)
(0, 496)
(0, 496)
(0, 496)
(0, 496)
(0, 496)
(0, 496)
(0, 496)
(0, 496)
(0, 496)
(0, 496)
(0, 496)
(0, 496)
(0, 496)
(0, 496)
(0, 496)
(0, 496)
(0, 496)
(0, 496)
(0, 496)
(0, 496)
(0, 496)
(0, 496)
(0, 496)
(0, 496)
(0, 496)
(0, 496)
(0, 496)
(0, 496)
(0, 496)
(0, 496)
(0, 496)
(0, 496)
(0, 496)
(0, 496)
(0, 496)
(0, 496)
(0, 496)
(0, 496)
(0, 496)
(0, 496)
(0, 496)
(0, 496)
(0, 496)
(0, 496)
(0, 496)
(0, 496)
(0, 496)
(0, 496)
(0, 496)
(0, 496)
(0, 496)
(0, 496)
(0, 496)
(0, 496)
(0, 496)
(0, 496)
(0, 496)
(0, 496)
(0, 496)
(0, 496)
(0, 496)
(0, 496)
(0, 496)
(0, 496)
(0, 496)
(0, 496)
(0, 496)
(0, 496)
(0, 496)
(0, 496)
(0, 496)
(0, 496)
(0, 496)
(0, 496)
(0, 496)
(0, 496)
(0, 496)
(0, 496)
(0, 496)
(0, 496)
(0, 496)
(0, 496)
(0, 496)
(0, 496)
(0, 496)
(0, 496)
(0, 496)
(0, 496)
(0, 496)
(0, 496)
(0, 496)
(0, 496)
(0, 496)
(0, 496)
(0, 496)
(0, 496)
(0, 496)
(0, 496)
(0, 496)
(0, 496)
(0, 496)
(0, 496)
(0, 496)
(0, 496)
(0, 496)
(0, 496)
(0, 496)
(0, 496)
(0, 496)
(0, 496)
(0, 496)
(0, 496)
(0, 496)
(0, 496)
(0, 496)
(0, 496)
(0, 496)
(0, 496)
(0, 496)
(0, 496)
(0, 496)
(0, 496)
(0, 496)
(0, 496)
(0, 496)
(0, 496)
(0, 496)
(0, 496)
(0, 496)
(0, 496)
(0, 496)
(0, 496)
(0, 496)
(0, 496)
(0, 496)
(0, 496)
(0, 496)
(0, 496)
(0, 496)
(0, 496)
(0, 496)
(0, 496)
(0, 496)
(0, 496)
(0, 496)
